0	895
0	814
0	969
0	767
0	676
0	4
0	878
0	161
1	942
1	663
1	877
1	672
1	710
1	859
1	658
2	846
2	952
2	721
2	946
2	769
2	809
2	684
2	857
3	720
3	872
3	6
3	801
3	806
3	906
3	541
4	873
4	989
4	747
4	930
4	657
4	806
5	811
5	653
5	783
5	887
6	929
6	678
6	753
6	862
6	871
6	89
7	10
7	298
8	9
8	11
9	332
10	13
10	218
10	362
11	62
12	243
12	458
13	940
13	708
14	439
14	15
16	17
16	882
17	20
17	18
17	991
18	45
19	159
20	290
20	324
21	23
21	25
21	123
21	858
22	23
22	24
22	26
22	140
23	25
23	230
23	531
24	204
24	270
25	27
26	103
26	435
26	967
27	241
28	217
28	32
28	792
29	423
29	30
29	33
29	997
31	32
31	889
32	437
33	87
34	221
35	212
36	270
36	41
36	920
37	39
38	40
38	515
39	474
39	577
40	74
41	310
42	48
42	344
43	283
44	46
45	86
46	47
46	696
47	236
47	631
48	321
49	52
49	66
50	52
51	55
51	608
51	719
52	54
52	422
52	574
52	731
53	55
53	720
54	55
54	541
54	616
54	875
56	302
57	61
57	60
57	794
58	61
58	516
59	60
59	61
60	313
62	433
63	69
63	177
63	245
63	652
64	177
64	68
64	321
64	335
65	548
65	67
66	420
69	411
69	672
70	402
71	73
71	76
71	651
72	251
72	74
72	282
72	473
73	75
73	803
74	689
75	272
76	289
77	82
77	451
78	83
78	813
78	746
79	216
80	81
81	209
81	478
81	352
82	137
83	135
84	90
85	86
85	137
86	89
88	89
89	197
90	330
91	93
91	92
91	96
91	97
92	365
93	358
94	97
95	316
96	425
96	429
96	956
98	104
98	102
98	380
99	441
99	166
99	490
100	320
100	213
100	668
101	104
101	844
103	260
104	759
105	107
105	109
106	108
106	111
106	110
107	109
108	111
108	110
110	111
110	884
111	246
112	113
112	257
113	114
114	118
114	115
114	117
114	333
114	626
116	117
117	366
118	231
118	606
119	123
119	791
120	404
120	167
121	359
121	122
121	125
121	913
122	124
122	838
124	135
124	530
124	716
125	467
126	132
126	130
127	132
128	130
128	825
129	148
131	309
132	343
132	201
132	540
132	611
132	807
133	137
133	136
134	139
134	138
134	219
136	774
137	139
137	143
139	406
140	684
141	143
141	144
141	424
142	546
142	852
145	209
146	385
146	440
146	670
147	151
147	153
148	232
148	443
148	461
149	151
149	152
149	495
150	368
150	346
151	543
153	279
154	301
154	629
155	160
155	157
155	370
155	509
155	834
156	341
157	158
157	573
159	533
160	414
161	166
162	163
163	325
164	166
165	167
165	186
165	272
165	323
165	595
165	916
165	796
168	446
168	457
168	451
168	452
168	174
168	912
169	174
169	453
169	454
169	455
169	171
169	456
169	319
170	172
170	173
170	455
170	457
170	453
171	447
171	457
171	522
172	451
172	453
172	456
172	173
172	448
172	452
173	174
173	446
173	447
173	449
174	452
175	181
175	328
175	750
176	179
176	314
177	827
178	181
178	628
178	779
179	412
179	331
180	181
181	331
182	185
182	187
182	715
183	186
183	503
184	185
184	188
184	955
185	455
185	824
188	732
189	191
189	557
190	195
190	283
190	862
191	192
191	710
192	193
192	565
193	194
194	221
194	415
196	199
196	291
197	198
197	414
198	202
199	200
202	939
203	566
205	439
206	317
206	207
206	208
208	209
209	634
210	212
211	223
212	764
213	215
213	513
214	483
215	958
217	578
218	220
219	222
219	526
219	559
219	734
220	223
222	866
224	230
224	228
225	230
226	343
226	785
227	229
229	537
231	235
232	234
232	691
232	648
233	235
233	236
234	235
234	699
235	321
237	242
239	242
239	243
240	444
242	562
242	632
243	619
245	247
246	247
246	250
246	251
246	302
247	929
248	414
249	251
252	257
252	254
252	259
253	258
253	256
254	257
254	255
255	259
255	815
256	258
257	259
262	267
262	265
262	266
262	925
263	265
264	267
264	597
265	312
267	705
268	273
268	269
268	271
268	377
268	907
269	274
270	275
270	482
271	950
273	484
273	667
273	656
276	278
276	337
277	282
277	280
277	871
278	280
278	281
279	311
284	285
284	702
284	993
286	289
287	290
288	291
288	536
289	290
292	969
293	298
293	295
293	621
294	295
295	297
295	303
296	297
300	305
301	421
301	805
302	430
302	777
304	307
305	307
305	661
305	781
306	307
307	639
308	574
309	310
309	315
309	745
312	584
315	886
316	323
316	601
317	322
318	321
319	320
320	321
322	744
324	520
326	331
327	329
332	333
333	338
333	398
333	977
334	339
334	336
335	339
335	569
336	690
337	693
338	773
338	904
339	594
340	341
340	342
341	344
341	635
343	347
344	578
345	347
348	469
349	356
349	350
350	356
351	357
351	354
351	355
351	353
351	352
352	357
352	353
352	354
353	354
353	368
353	908
354	355
354	357
355	357
358	363
358	360
359	361
359	992
361	362
361	364
362	363
362	686
363	371
364	675
367	374
367	373
367	890
368	371
368	375
369	371
371	532
371	888
372	375
372	374
372	718
373	829
375	849
376	384
378	379
378	382
379	382
379	381
379	869
380	384
382	981
383	384
383	775
384	488
385	399
386	388
386	390
386	439
386	819
387	391
389	391
390	393
390	586
391	518
392	393
392	962
394	399
394	396
395	402
396	400
396	863
397	590
397	927
398	527
400	688
401	402
401	851
402	763
403	405
403	410
403	457
404	538
404	405
404	464
405	922
407	409
408	412
408	982
409	411
413	415
413	713
415	416
415	707
416	687
416	831
417	418
418	436
418	865
419	421
420	793
421	936
422	905
423	430
424	431
425	432
426	427
428	433
431	700
434	435
434	444
436	443
437	442
438	443
440	441
440	445
443	662
444	760
446	453
446	451
447	454
447	449
447	451
447	448
448	451
448	452
449	456
449	452
449	457
449	494
450	457
450	456
450	452
450	454
450	453
452	457
453	457
455	457
455	456
457	942
459	467
460	468
460	868
461	465
461	989
462	469
463	466
463	943
466	469
468	470
471	479
472	480
472	476
474	483
474	477
475	478
477	479
477	538
477	525
478	481
479	483
480	481
481	539
485	487
485	492
485	498
485	488
485	499
485	614
486	503
486	487
486	494
486	488
487	492
487	503
487	489
487	499
488	503
488	502
488	498
488	495
488	681
489	492
489	494
489	499
489	495
490	497
490	504
490	491
490	493
490	934
490	972
491	501
491	496
491	500
492	495
492	503
493	497
493	504
493	501
494	498
494	502
494	499
495	498
495	502
497	500
497	501
498	499
498	502
500	504
505	524
505	511
505	519
505	514
505	625
505	598
505	635
505	508
505	611
506	525
506	521
506	522
506	854
507	518
507	511
507	630
507	607
507	611
507	509
507	613
508	510
508	512
508	524
508	513
508	602
508	620
508	637
508	636
509	517
509	519
509	510
509	511
509	599
509	611
509	605
509	630
510	511
510	523
510	634
510	619
510	600
510	625
511	524
511	513
511	514
511	626
511	612
511	523
512	520
512	515
512	513
512	524
512	517
512	615
512	606
512	597
512	632
512	618
512	637
513	516
513	518
513	629
513	607
514	520
514	518
514	637
515	519
516	517
516	519
516	520
516	524
517	627
517	601
517	608
518	617
519	523
519	604
519	598
520	622
520	620
521	525
521	522
521	692
522	525
523	638
523	603
523	607
524	615
526	528
526	555
529	542
529	546
533	548
533	542
534	535
534	543
535	540
535	548
535	554
536	990
540	547
542	544
547	551
549	551
550	552
553	554
554	556
557	570
557	593
558	592
559	758
560	581
561	584
561	568
563	583
563	564
564	592
565	576
566	590
567	581
571	576
572	583
573	583
574	582
574	596
575	587
576	892
578	588
579	592
579	591
580	594
580	589
581	583
585	588
586	590
587	594
589	983
591	938
597	601
597	608
597	603
598	625
598	630
598	609
599	616
599	617
599	619
599	627
600	620
600	624
601	623
601	606
601	609
602	633
602	617
602	635
603	622
603	608
603	617
604	610
604	618
604	627
604	638
605	613
605	622
606	633
607	627
607	613
607	631
607	634
608	630
608	632
609	615
610	627
610	623
611	614
612	613
612	625
613	618
614	626
614	616
615	633
615	636
616	617
617	636
618	625
621	626
621	633
622	627
622	636
622	628
623	626
623	629
624	633
625	634
627	631
628	631
628	629
630	638
632	636
633	634
634	638
635	638
639	906
639	777
639	645
639	673
639	787
639	950
640	697
640	742
640	841
640	668
640	874
640	646
641	657
641	736
641	661
641	943
641	704
641	675
641	805
642	706
642	866
642	778
642	721
642	830
642	829
643	773
643	928
643	857
643	944
643	779
643	794
643	901
643	775
644	957
644	673
644	892
644	792
644	940
644	824
644	788
644	923
645	813
645	802
645	895
645	710
645	717
645	845
645	727
645	738
646	703
646	811
646	688
647	874
647	855
647	807
647	748
647	912
647	974
648	909
648	933
648	718
648	806
648	828
648	698
648	860
649	889
649	935
649	800
649	861
649	917
650	673
650	977
650	868
650	730
650	773
650	955
650	716
650	961
651	738
651	706
651	809
651	877
651	985
651	721
651	980
652	853
652	970
652	941
652	974
652	817
653	855
653	679
653	966
653	797
653	963
653	947
653	815
654	790
654	729
654	783
654	888
655	820
655	724
655	994
655	980
655	829
655	959
655	903
655	909
656	723
656	733
656	736
657	923
657	805
657	677
657	979
657	802
657	808
657	906
658	769
658	732
658	786
658	685
658	756
658	901
659	773
659	837
659	907
659	846
659	827
659	932
659	844
659	713
659	994
660	707
660	759
660	979
660	922
661	980
661	682
661	850
661	839
662	957
662	700
662	782
662	778
662	997
662	854
662	775
662	922
663	765
663	840
663	872
663	993
663	936
663	749
663	939
663	950
663	949
663	680
664	927
664	776
664	675
664	705
664	741
664	946
664	719
665	922
665	780
665	680
665	852
665	979
665	689
665	906
665	999
665	673
665	900
665	707
666	914
666	751
666	818
666	824
666	795
666	696
666	787
667	684
667	708
667	917
667	709
667	949
667	724
668	761
668	742
668	888
668	789
668	841
668	966
669	894
669	731
669	922
669	816
669	769
669	670
669	709
669	702
670	882
670	846
670	885
670	956
671	951
671	864
671	679
672	836
672	814
672	975
672	914
672	727
673	917
673	770
673	749
673	842
673	735
673	788
673	939
673	816
674	800
674	986
674	861
675	909
675	781
675	716
675	717
675	799
676	699
676	852
676	678
676	775
676	777
676	999
676	973
677	692
677	907
677	984
677	914
677	925
677	849
677	885
677	788
678	958
678	962
678	704
678	850
678	969
678	843
678	877
678	837
678	706
678	869
679	686
679	703
679	934
679	783
679	938
679	764
679	921
679	970
680	955
680	995
680	746
680	744
680	962
680	986
681	839
681	798
681	935
682	928
682	916
682	876
682	832
682	804
682	872
682	846
682	785
682	996
683	926
683	697
683	888
683	748
683	761
684	774
684	905
684	873
685	984
685	753
685	836
685	849
686	815
686	726
687	810
687	921
687	748
687	737
687	815
687	953
687	742
687	790
688	789
688	941
688	966
688	974
689	960
689	989
689	798
690	950
690	911
690	883
690	695
690	886
690	865
691	867
691	977
691	814
692	693
692	803
692	794
692	952
692	873
693	762
693	745
694	964
694	876
694	906
694	730
694	802
694	824
694	880
694	909
694	804
695	946
695	825
695	884
695	923
695	867
695	786
695	892
695	802
695	707
696	814
696	878
696	769
696	709
697	853
697	817
697	855
697	797
697	742
697	864
697	748
698	884
698	865
698	700
698	942
698	933
698	821
699	967
699	898
700	845
700	987
700	765
701	745
701	898
701	756
701	990
701	777
701	712
701	722
701	980
701	999
701	856
701	826
701	800
702	830
702	752
702	777
702	793
702	944
702	848
703	737
703	941
703	966
703	931
703	974
703	888
704	719
704	759
704	928
704	860
705	798
705	787
705	913
705	908
706	995
706	861
706	884
706	927
706	840
706	739
707	798
707	860
708	734
708	997
708	943
708	812
708	771
709	849
709	758
709	825
709	829
709	796
709	984
709	780
709	919
710	859
710	997
710	847
710	978
711	759
711	818
711	736
711	988
711	964
712	721
712	929
712	954
712	803
712	833
713	929
713	965
713	975
713	812
713	960
713	820
713	995
714	764
714	941
714	974
714	953
714	910
714	743
714	902
714	757
715	988
715	895
716	989
716	865
716	819
716	722
716	776
716	981
717	823
717	862
717	985
717	943
717	997
717	858
717	916
717	933
717	923
717	772
717	957
718	820
718	880
718	996
718	776
719	826
719	976
719	720
720	788
720	923
720	949
720	753
720	859
721	860
721	819
721	777
722	834
722	728
722	842
723	760
723	927
723	893
723	873
724	946
724	840
724	845
724	763
724	780
724	865
724	792
725	912
725	902
725	797
725	761
726	966
726	887
726	953
726	974
727	872
727	849
727	962
728	847
728	975
728	866
728	894
729	972
729	921
730	980
730	833
730	892
730	732
730	885
730	854
730	788
730	738
730	971
731	772
731	952
731	962
731	883
731	886
731	734
731	979
731	835
732	917
732	872
732	906
732	755
733	956
733	813
733	994
733	907
734	794
735	780
735	903
735	999
735	958
735	967
735	784
735	826
736	773
736	923
736	749
737	789
737	921
737	810
737	902
737	931
738	760
738	775
738	798
738	858
738	991
738	845
738	839
738	976
738	848
738	955
738	756
739	856
739	915
739	919
739	832
739	798
739	967
740	891
740	919
740	982
740	960
740	908
741	752
741	747
741	884
741	965
741	875
741	940
742	870
742	947
742	757
742	934
743	888
743	811
743	864
743	938
743	972
743	910
743	783
743	841
744	766
744	928
744	793
745	961
745	776
746	965
746	891
746	889
747	805
747	944
747	859
747	749
747	965
747	956
747	803
747	964
748	941
748	750
748	902
748	926
748	790
748	921
749	913
749	916
749	901
749	891
749	793
749	801
750	938
750	951
750	934
751	930
751	863
751	752
751	954
751	873
751	985
751	948
752	825
752	772
752	900
752	965
752	896
752	846
752	949
753	943
753	985
753	762
753	945
753	915
754	870
754	853
754	951
754	899
754	938
755	876
755	869
755	894
755	785
755	957
756	915
756	996
756	767
757	938
757	853
758	964
758	876
758	998
758	991
759	846
759	773
759	976
760	861
761	926
761	855
762	854
762	794
762	837
763	978
763	809
763	771
763	803
763	873
764	972
764	817
764	974
764	789
765	986
765	923
766	918
766	944
766	786
766	927
766	928
766	809
766	930
766	824
767	895
767	793
767	881
768	964
768	996
768	798
768	823
768	920
768	911
769	872
769	911
769	823
769	908
769	937
770	869
770	799
770	894
770	857
770	867
771	908
771	868
771	980
771	839
771	945
771	775
772	889
772	955
772	936
772	819
773	897
773	990
774	795
774	820
774	881
774	973
774	872
775	948
775	834
775	907
775	833
775	856
776	851
776	990
777	869
777	946
777	823
777	867
778	961
778	799
778	863
778	994
778	886
779	827
779	965
779	987
780	956
780	828
780	909
780	840
781	928
781	948
781	812
781	877
782	886
782	900
782	827
782	876
782	843
783	963
783	951
783	934
783	811
783	966
783	921
784	898
784	875
784	948
785	858
785	799
785	930
786	950
786	854
786	852
786	816
786	933
786	831
787	838
787	978
787	886
787	880
787	946
787	914
788	862
788	793
788	876
789	874
789	870
789	921
789	926
790	811
790	941
790	864
791	840
791	995
791	827
791	979
791	950
791	982
791	939
791	932
791	836
791	823
791	826
792	909
792	844
792	965
793	822
793	923
793	878
793	812
794	911
794	982
794	997
794	837
794	988
795	830
795	935
795	850
795	946
796	913
796	837
797	910
797	810
798	987
798	818
799	885
799	922
800	969
800	945
800	968
800	858
800	826
800	984
800	832
801	980
801	829
801	849
801	929
802	903
802	949
802	990
802	900
802	837
803	897
803	925
803	893
804	965
804	933
804	937
805	848
805	826
805	875
805	981
805	969
805	973
806	960
806	891
806	971
807	864
807	953
807	951
808	930
808	935
809	878
809	989
809	816
809	812
809	993
809	979
810	902
810	855
811	966
811	951
811	974
811	912
812	865
812	987
812	830
812	816
813	903
814	914
814	851
815	972
815	853
816	907
816	867
816	851
816	914
816	955
817	912
817	941
817	841
818	849
818	918
819	850
819	835
819	914
820	939
820	904
820	924
821	995
821	875
821	822
821	834
821	858
821	937
821	843
822	968
822	989
823	960
824	886
824	880
825	939
825	950
825	861
825	969
825	989
825	995
827	975
827	829
827	927
828	835
828	998
828	908
828	980
830	850
830	839
830	928
830	923
831	983
831	988
831	890
832	850
832	935
832	946
833	860
833	913
833	993
834	976
834	915
835	871
836	942
836	936
836	924
836	937
836	985
837	964
839	871
839	892
839	868
839	924
839	946
839	895
840	998
841	888
841	947
842	956
842	984
842	959
842	991
842	890
843	896
843	990
843	914
844	992
844	907
844	858
844	956
844	918
845	929
845	964
846	977
846	940
847	863
847	915
847	895
847	865
847	990
848	892
848	988
848	920
848	860
849	985
850	865
851	981
851	950
851	877
851	998
852	915
853	888
853	870
854	906
854	939
854	885
854	897
854	908
855	974
855	879
856	886
856	948
856	891
856	940
856	868
857	956
857	987
857	881
858	987
858	869
859	905
859	991
859	922
859	915
860	891
860	900
861	898
861	875
861	968
862	913
863	897
864	970
867	895
867	876
868	955
868	873
869	967
869	936
870	934
870	902
871	973
872	929
872	907
873	876
874	953
874	899
874	879
875	915
875	882
875	962
875	996
875	942
876	927
877	967
877	928
877	959
877	999
878	909
878	936
878	930
879	926
879	963
880	985
880	993
880	917
881	957
881	978
882	996
883	905
883	967
883	940
884	976
884	886
885	993
885	946
886	962
886	979
887	921
887	974
888	951
889	990
890	980
890	943
891	942
891	892
891	998
892	929
892	986
893	971
893	983
893	914
894	957
894	949
895	982
896	965
896	903
896	952
897	993
897	975
898	949
899	941
899	953
899	921
901	923
901	952
901	990
902	951
902	912
904	919
904	975
906	994
907	944
907	932
909	935
909	949
910	972
910	974
911	914
913	991
915	971
916	965
916	933
917	952
918	991
918	992
919	928
919	999
920	983
920	958
921	947
922	975
922	932
923	960
924	976
924	990
926	974
927	939
928	979
929	991
929	961
930	936
930	940
931	941
934	953
935	964
936	948
936	962
937	983
939	994
940	978
940	986
942	967
942	978
943	950
944	962
944	949
944	994
946	961
947	966
949	997
951	963
951	953
952	977
953	966
954	995
955	968
955	985
958	992
958	964
959	980
959	960
961	979
962	978
964	986
965	977
965	978
967	978
967	984
970	974
971	982
973	990
975	984
975	979
979	980
983	989
983	986
985	989
994	997
