0	1	+	0	629
0	2	+	1	879
0	3	+	2	667
0	4	+	3	618
0	5	+	4	403
0	6	+	5	959
0	7	+	6	891
0	8	+	7	193
0	9	+	8	216
0	10	+	9	179
0	11	+	10	13
0	12	+	11	12
0	13	+	12	7
0	14	+	13	9
0	15	+	14	20
0	16	+	15	147
0	17	+	16	457
0	18	+	17	14
0	19	+	18	273
0	20	+	19	14
0	21	+	20	244
0	22	+	21	25
0	23	+	22	26
0	24	+	23	444
0	25	+	24	26
0	26	+	25	26
0	27	+	26	18
0	28	+	27	65
0	29	+	28	34
0	30	+	29	28
0	31	+	30	304
0	32	+	31	42
0	33	+	32	29
0	34	+	33	112
0	35	+	34	54
0	36	+	35	39
0	37	+	36	75
0	38	+	37	38
0	39	+	38	40
0	40	+	39	256
0	41	+	40	464
0	42	+	41	423
0	43	+	42	276
0	44	+	43	33
0	45	+	44	46
0	46	+	45	475
0	47	+	46	535
0	48	+	47	85
0	49	+	48	306
0	50	+	49	55
0	51	+	50	51
0	52	+	51	238
0	53	+	52	54
0	54	+	53	51
0	55	+	54	10
0	56	+	56	60
0	57	+	57	59
0	58	+	58	158
0	59	+	59	56
0	60	+	60	41
0	61	+	61	60
0	62	+	62	56
0	63	+	63	483
0	64	+	64	160
0	65	+	65	11
0	66	+	66	69
0	67	+	67	126
0	68	+	68	234
0	69	+	70	291
0	70	+	71	453
0	71	+	72	76
0	72	+	73	646
0	73	+	74	76
0	74	+	75	271
0	75	+	76	71
0	76	+	77	81
0	77	+	78	146
0	78	+	79	444
0	79	+	80	71
0	80	+	81	78
0	81	+	82	405
0	82	+	83	87
0	83	+	84	90
0	84	+	85	87
0	85	+	86	90
0	86	+	87	120
0	87	+	88	87
0	88	+	89	92
0	89	+	91	95
0	90	+	92	37
0	91	+	93	95
0	92	+	94	642
0	93	+	96	94
0	94	+	97	91
0	95	+	98	287
0	96	+	99	8
0	97	+	100	99
0	98	+	101	207
0	99	+	102	98
0	100	+	103	130
0	101	+	104	149
0	102	+	105	111
0	103	+	106	258
0	104	+	107	106
0	105	+	108	406
0	106	+	109	161
0	107	+	110	108
0	108	+	111	374
0	109	+	112	115
0	110	+	113	118
0	111	+	114	115
0	112	+	115	118
0	113	+	116	477
0	114	+	117	440
0	115	+	118	202
0	116	+	119	415
0	117	+	120	122
0	118	+	121	111
0	119	+	122	28
0	120	+	123	332
0	121	+	124	227
0	122	+	125	119
0	123	+	126	130
0	124	+	127	213
0	125	+	128	129
0	126	+	129	131
0	127	+	130	25
0	128	+	131	393
0	129	+	132	126
0	130	+	133	135
0	131	+	134	516
0	132	+	135	278
0	133	+	136	213
0	134	+	137	138
0	135	+	138	135
0	136	+	139	133
0	137	+	140	146
0	138	+	141	146
0	139	+	142	141
0	140	+	143	144
0	141	+	144	337
0	142	+	145	146
0	143	+	146	144
0	144	+	147	228
0	145	+	148	304
0	146	+	149	153
0	147	+	150	149
0	148	+	151	150
0	149	+	152	149
0	150	+	153	148
0	151	+	154	155
0	152	+	155	70
0	153	+	156	7
0	154	+	157	158
0	155	+	158	316
0	156	+	159	239
0	157	+	160	159
0	158	+	161	167
0	159	+	162	165
0	160	+	163	215
0	161	+	164	162
0	162	+	165	164
0	163	+	166	165
0	164	+	167	166
0	165	+	168	171
0	166	+	169	168
0	167	+	170	98
0	168	+	171	173
0	169	+	172	168
0	170	+	173	172
0	171	+	174	223
0	172	+	175	452
0	173	+	176	107
0	174	+	177	176
0	175	+	178	175
0	176	+	179	175
0	177	+	180	456
0	178	+	181	218
0	179	+	182	308
0	180	+	183	188
0	181	+	184	183
0	182	+	185	78
0	183	+	186	332
0	184	+	187	184
0	185	+	188	184
0	186	+	189	190
0	187	+	190	191
0	188	+	191	192
0	189	+	192	193
0	190	+	194	65
0	191	+	195	189
0	192	+	196	200
0	193	+	197	198
0	194	+	199	39
0	195	+	200	385
0	196	+	201	253
0	197	+	202	201
0	198	+	203	204
0	199	+	204	207
0	200	+	205	209
0	201	+	206	209
0	202	+	207	208
0	203	+	208	204
0	204	+	209	203
0	205	+	210	376
0	206	+	211	215
0	207	+	212	210
0	208	+	213	175
0	209	+	214	212
0	210	+	215	216
0	211	+	216	44
0	212	+	217	219
0	213	+	218	220
0	214	+	219	218
0	215	+	220	193
0	216	+	221	105
0	217	+	222	162
0	218	+	223	220
0	219	+	224	228
0	220	+	225	224
0	221	+	226	229
0	222	+	227	309
0	223	+	228	225
0	224	+	229	227
0	225	+	230	362
0	226	+	231	232
0	227	+	233	234
0	228	+	234	9
0	229	+	235	234
0	230	+	236	68
0	231	+	237	26
0	232	+	238	244
0	233	+	239	238
0	234	+	240	238
0	235	+	241	79
0	236	+	242	409
0	237	+	243	207
0	238	+	244	391
0	239	+	245	248
0	240	+	246	250
0	241	+	247	248
0	242	+	248	267
0	243	+	249	147
0	244	+	250	67
0	245	+	251	371
0	246	+	252	256
0	247	+	253	256
0	248	+	254	55
0	249	+	255	256
0	250	+	256	254
0	251	+	257	408
0	252	+	258	256
0	253	+	259	262
0	254	+	260	89
0	255	+	261	265
0	256	+	262	260
0	257	+	263	262
0	258	+	264	265
0	259	+	265	260
0	260	+	266	268
0	261	+	267	269
0	262	+	268	269
0	263	+	269	272
0	264	+	270	184
0	265	+	271	366
0	266	+	272	121
0	267	+	273	278
0	268	+	274	275
0	269	+	275	273
0	270	+	276	303
0	271	+	277	276
0	272	+	278	277
0	273	+	279	98
0	274	+	280	287
0	275	+	281	283
0	276	+	282	292
0	277	+	283	286
0	278	+	284	117
0	279	+	285	75
0	280	+	286	285
0	281	+	287	285
0	282	+	288	293
0	283	+	289	288
0	284	+	290	292
0	285	+	291	295
0	286	+	292	293
0	287	+	293	907
0	288	+	294	289
0	289	+	296	217
0	290	+	297	302
0	291	+	298	300
0	292	+	299	444
0	293	+	300	299
0	294	+	301	56
0	295	+	302	299
0	296	+	303	328
0	297	+	304	305
0	298	+	305	309
0	299	+	306	307
0	300	+	307	182
0	301	+	308	310
0	302	+	309	304
0	303	+	310	307
0	304	+	311	306
0	305	+	312	351
0	306	+	313	102
0	307	+	314	317
0	308	+	315	316
0	309	+	316	30
0	310	+	317	316
0	311	+	318	314
0	312	+	319	287
0	313	+	320	427
0	314	+	321	324
0	315	+	322	323
0	316	+	323	405
0	317	+	324	323
0	318	+	325	326
0	319	+	326	343
0	320	+	327	98
0	321	+	328	335
0	322	+	329	330
0	323	+	330	123
0	324	+	331	28
0	325	+	332	330
0	326	+	333	330
0	327	+	334	329
0	328	+	335	333
0	329	+	336	79
0	330	+	337	361
0	331	+	338	265
0	332	+	339	343
0	333	+	340	269
0	334	+	341	339
0	335	+	342	296
0	336	+	343	340
0	337	+	344	149
0	338	+	345	347
0	339	+	346	258
0	340	+	347	348
0	341	+	348	346
0	342	+	349	345
0	343	+	350	262
0	344	+	351	61
0	345	+	352	862
0	346	+	353	352
0	347	+	354	357
0	348	+	355	359
0	349	+	356	354
0	350	+	357	356
0	351	+	358	21
0	352	+	360	303
0	353	+	361	364
0	354	+	362	364
0	355	+	363	360
0	356	+	364	360
0	357	+	365	367
0	358	+	366	288
0	359	+	367	360
0	360	+	368	106
0	361	+	369	368
0	362	+	370	43
0	363	+	371	374
0	364	+	372	196
0	365	+	373	375
0	366	+	374	369
0	367	+	375	326
0	368	+	376	380
0	369	+	377	379
0	370	+	378	379
0	371	+	379	171
0	372	+	381	376
0	373	+	382	378
0	374	+	383	140
0	375	+	384	496
0	376	+	385	270
0	377	+	386	391
0	378	+	387	385
0	379	+	388	389
0	380	+	389	387
0	381	+	390	391
0	382	+	391	389
0	383	+	392	180
0	384	+	393	267
0	385	+	394	395
0	386	+	396	363
0	387	+	397	393
0	388	+	398	392
0	389	+	399	392
0	390	+	400	57
0	391	+	401	321
0	392	+	402	225
0	393	+	403	408
0	394	+	404	256
0	395	+	405	356
0	396	+	406	404
0	397	+	407	378
0	398	+	408	405
0	399	+	409	96
0	400	+	410	414
0	401	+	411	412
0	402	+	412	146
0	403	+	413	93
0	404	+	414	411
0	405	+	415	167
0	406	+	416	467
0	407	+	417	410
0	408	+	418	480
0	409	+	419	317
0	410	+	420	422
0	411	+	421	53
0	412	+	422	424
0	413	+	423	11
0	414	+	424	420
0	415	+	425	174
0	416	+	426	328
0	417	+	427	433
0	418	+	428	429
0	419	+	429	433
0	420	+	430	559
0	421	+	431	435
0	422	+	432	382
0	423	+	434	432
0	424	+	435	409
0	425	+	436	440
0	426	+	437	445
0	427	+	438	220
0	428	+	439	10
0	429	+	440	439
0	430	+	441	608
0	431	+	442	97
0	432	+	443	148
0	433	+	444	18
0	434	+	445	386
0	435	+	446	452
0	436	+	447	281
0	437	+	448	51
0	438	+	449	452
0	439	+	450	203
0	440	+	451	446
0	441	+	452	282
0	442	+	453	26
0	443	+	454	456
0	444	+	455	452
0	445	+	456	210
0	446	+	457	454
0	447	+	458	459
0	448	+	459	244
0	449	+	460	459
0	450	+	461	214
0	451	+	462	460
0	452	+	463	20
0	453	+	464	465
0	454	+	465	468
0	455	+	466	292
0	456	+	467	465
0	457	+	468	479
0	458	+	469	114
0	459	+	470	90
0	460	+	471	476
0	461	+	472	476
0	462	+	473	136
0	463	+	474	479
0	464	+	475	62
0	465	+	476	316
0	466	+	477	146
0	467	+	478	477
0	468	+	479	482
0	469	+	480	485
0	470	+	481	472
0	471	+	482	470
0	472	+	483	475
0	473	+	484	328
0	474	+	485	316
0	475	+	486	488
0	476	+	487	491
0	477	+	488	499
0	478	+	489	492
0	479	+	490	488
0	480	+	491	266
0	481	+	492	192
0	482	+	493	500
0	483	+	494	496
0	484	+	495	488
0	485	+	496	495
0	486	+	497	498
0	487	+	498	496
0	488	+	499	290
0	489	+	500	166
0	490	+	501	324
0	491	+	502	452
0	492	+	503	509
0	493	+	504	59
0	494	+	505	519
0	495	+	506	446
0	496	+	507	521
0	497	+	508	330
0	498	+	509	508
0	499	+	510	508
0	500	+	511	525
0	501	+	512	506
0	502	+	513	220
0	503	+	514	76
0	504	+	515	514
0	505	+	516	523
0	506	+	517	306
0	507	+	518	77
0	508	+	519	507
0	509	+	520	26
0	510	+	521	76
0	511	+	522	523
0	512	+	523	521
0	513	+	524	504
0	514	+	525	502
0	515	+	526	528
0	516	+	527	541
0	517	+	528	385
0	518	+	529	560
0	519	+	530	584
0	520	+	531	393
0	521	+	532	570
0	522	+	533	579
0	523	+	534	571
0	524	+	535	559
0	525	+	536	553
0	526	+	537	555
0	527	+	538	541
0	528	+	539	388
0	529	+	540	463
0	530	+	541	94
0	531	+	542	551
0	532	+	543	568
0	533	+	544	503
0	534	+	545	528
0	535	+	546	135
0	536	+	547	320
0	537	+	548	573
0	538	+	549	567
0	539	+	550	530
0	540	+	551	529
0	541	+	552	543
0	542	+	553	534
0	543	+	554	520
0	544	+	555	534
0	545	+	556	553
0	546	+	557	553
0	547	+	558	567
0	548	+	559	550
0	549	+	560	138
0	550	+	561	559
0	551	+	562	551
0	552	+	563	553
0	553	+	564	529
0	554	+	565	536
0	555	+	566	535
0	556	+	567	126
0	557	+	568	478
0	558	+	569	394
0	559	+	570	565
0	560	+	571	200
0	561	+	572	565
0	562	+	573	581
0	563	+	574	227
0	564	+	575	159
0	565	+	576	558
0	566	+	577	569
0	567	+	578	579
0	568	+	579	145
0	569	+	580	419
0	570	+	581	544
0	571	+	582	252
0	572	+	583	570
0	573	+	584	86
0	574	+	585	620
0	575	+	586	867
0	576	+	587	250
0	577	+	588	935
0	578	+	589	213
0	579	+	590	160
0	580	+	591	756
0	581	+	592	21
0	582	+	593	638
0	583	+	594	981
0	584	+	595	925
0	585	+	596	913
0	586	+	597	813
0	587	+	598	905
0	588	+	599	224
0	589	+	600	23
0	590	+	601	771
0	591	+	602	992
0	592	+	603	37
0	593	+	604	776
0	594	+	605	443
0	595	+	606	338
0	596	+	607	654
0	597	+	608	627
0	598	+	609	126
0	599	+	610	66
0	600	+	611	947
0	601	+	612	621
0	602	+	613	135
0	603	+	614	517
0	604	+	615	983
0	605	+	616	961
0	606	+	617	593
0	607	+	618	820
0	608	+	619	268
0	609	+	620	41
0	610	+	621	397
0	611	+	622	842
0	612	+	623	925
0	613	+	624	824
0	614	+	625	760
0	615	+	626	181
0	616	+	627	574
0	617	+	628	619
0	618	+	629	696
0	619	+	630	282
0	620	+	631	900
0	621	+	632	994
0	622	+	633	328
0	623	+	634	706
0	624	+	635	447
0	625	+	636	937
0	626	+	637	353
0	627	+	638	831
0	628	+	639	41
0	629	+	640	690
0	630	+	641	165
0	631	+	642	999
0	632	+	643	747
0	633	+	644	99
0	634	+	645	683
0	635	+	646	922
0	636	+	647	188
0	637	+	648	216
0	638	+	649	962
0	639	+	650	863
0	640	+	651	809
0	641	+	652	779
0	642	+	653	363
0	643	+	654	628
0	644	+	655	205
0	645	+	656	786
0	646	+	657	875
0	647	+	658	411
0	648	+	659	700
0	649	+	660	937
0	650	+	661	623
0	651	+	662	554
0	652	+	663	761
0	653	+	664	346
0	654	+	665	2
0	655	+	666	674
0	656	+	667	608
0	657	+	668	926
0	658	+	669	728
0	659	+	670	848
0	660	+	671	600
0	661	+	672	846
0	662	+	673	815
0	663	+	674	812
0	664	+	675	712
0	665	+	676	637
0	666	+	677	143
0	667	+	678	991
0	668	+	679	759
0	669	+	680	784
0	670	+	681	329
0	671	+	682	266
0	672	+	683	741
0	673	+	684	86
0	674	+	685	443
0	675	+	686	736
0	676	+	687	592
0	677	+	688	839
0	678	+	689	869
0	679	+	690	312
0	680	+	691	106
0	681	+	692	998
0	682	+	693	718
0	683	+	694	912
0	684	+	695	851
0	685	+	696	645
0	686	+	697	750
0	687	+	698	960
0	688	+	699	765
0	689	+	700	763
0	690	+	701	974
0	691	+	702	50
0	692	+	703	943
0	693	+	704	767
0	694	+	705	844
0	695	+	706	372
0	696	+	707	261
0	697	+	708	711
0	698	+	709	905
0	699	+	710	621
0	700	+	711	3
0	701	+	712	32
0	702	+	713	865
0	703	+	714	945
0	704	+	715	39
0	705	+	716	107
0	706	+	717	696
0	707	+	718	970
0	708	+	719	645
0	709	+	720	131
0	710	+	721	111
0	711	+	722	70
0	712	+	723	421
0	713	+	724	681
0	714	+	725	952
0	715	+	726	670
0	716	+	727	725
0	717	+	728	967
0	718	+	729	808
0	719	+	730	233
0	720	+	731	394
0	721	+	732	621
0	722	+	733	323
0	723	+	734	671
0	724	+	735	590
0	725	+	736	824
0	726	+	737	630
0	727	+	738	791
0	728	+	739	869
0	729	+	740	963
0	730	+	741	390
0	731	+	742	993
0	732	+	743	712
0	733	+	744	966
0	734	+	745	893
0	735	+	746	190
0	736	+	747	89
0	737	+	748	712
0	738	+	749	607
0	739	+	750	786
0	740	+	751	676
0	741	+	752	848
0	742	+	753	769
0	743	+	754	980
0	744	+	755	969
0	745	+	756	920
0	746	+	757	189
0	747	+	758	76
0	748	+	759	702
0	749	+	760	321
0	750	+	761	699
0	751	+	762	669
0	752	+	763	891
0	753	+	764	629
0	754	+	765	910
0	755	+	766	290
0	756	+	767	624
0	757	+	768	211
0	758	+	769	873
0	759	+	770	291
0	760	+	771	535
0	761	+	772	308
0	762	+	773	973
0	763	+	774	589
0	764	+	775	625
0	765	+	776	729
0	766	+	777	655
0	767	+	778	926
0	768	+	779	43
0	769	+	780	595
0	770	+	781	386
0	771	+	782	700
0	772	+	783	687
0	773	+	784	813
0	774	+	785	877
0	775	+	786	210
0	776	+	787	745
0	777	+	788	814
0	778	+	789	731
0	779	+	790	427
0	780	+	791	787
0	781	+	792	254
0	782	+	793	788
0	783	+	794	392
0	784	+	795	17
0	785	+	796	878
0	786	+	797	727
0	787	+	798	346
0	788	+	799	773
0	789	+	800	891
0	790	+	801	818
0	791	+	802	61
0	792	+	803	946
0	793	+	804	824
0	794	+	805	29
0	795	+	806	811
0	796	+	807	462
0	797	+	808	668
0	798	+	809	702
0	799	+	810	872
0	800	+	811	908
0	801	+	812	142
0	802	+	813	174
0	803	+	814	803
0	804	+	815	261
0	805	+	816	914
0	806	+	817	595
0	807	+	818	375
0	808	+	819	979
0	809	+	820	203
0	810	+	821	824
0	811	+	822	252
0	812	+	823	660
0	813	+	824	86
0	814	+	825	43
0	815	+	826	239
0	816	+	827	813
0	817	+	828	4
0	818	+	829	373
0	819	+	830	594
0	820	+	831	704
0	821	+	832	742
0	822	+	833	636
0	823	+	834	103
0	824	+	835	886
0	825	+	836	352
0	826	+	837	714
0	827	+	838	875
0	828	+	839	987
0	829	+	840	676
0	830	+	841	607
0	831	+	842	695
0	832	+	843	171
0	833	+	844	394
0	834	+	845	785
0	835	+	846	667
0	836	+	847	932
0	837	+	848	40
0	838	+	849	587
0	839	+	850	895
0	840	+	851	275
0	841	+	852	908
0	842	+	853	845
0	843	+	854	780
0	844	+	855	952
0	845	+	856	931
0	846	+	857	988
0	847	+	858	209
0	848	+	859	981
0	849	+	860	615
0	850	+	861	739
0	851	+	862	321
0	852	+	863	945
0	853	+	864	162
0	854	+	865	631
0	855	+	866	130
0	856	+	867	157
0	857	+	868	594
0	858	+	869	8
0	859	+	870	824
0	860	+	871	894
0	861	+	872	982
0	862	+	873	930
0	863	+	874	785
0	864	+	875	700
0	865	+	876	833
0	866	+	877	946
0	867	+	878	681
0	868	+	879	307
0	869	+	880	191
0	870	+	881	985
0	871	+	882	639
0	872	+	883	962
0	873	+	884	807
0	874	+	885	787
0	875	+	886	395
0	876	+	887	795
0	877	+	888	966
0	878	+	889	716
0	879	+	890	720
0	880	+	891	631
0	881	+	892	197
0	882	+	893	873
0	883	+	894	648
0	884	+	895	925
0	885	+	896	716
0	886	+	897	93
0	887	+	898	612
0	888	+	899	392
0	889	+	900	993
0	890	+	901	200
0	891	+	902	401
0	892	+	903	915
0	893	+	904	29
0	894	+	905	589
0	895	+	906	55
0	896	+	907	752
0	897	+	908	597
0	898	+	909	912
0	899	+	910	886
0	900	+	911	411
0	901	+	912	445
0	902	+	913	869
0	903	+	914	148
0	904	+	915	244
0	905	+	916	681
0	906	+	917	736
0	907	+	918	151
0	908	+	919	379
0	909	+	920	819
0	910	+	921	154
0	911	+	922	733
0	912	+	923	831
0	913	+	924	775
0	914	+	925	950
0	915	+	926	646
0	916	+	927	395
0	917	+	928	250
0	918	+	929	273
0	919	+	930	35
0	920	+	931	222
0	921	+	932	855
0	922	+	933	651
0	923	+	934	833
0	924	+	935	954
0	925	+	936	734
0	926	+	937	234
0	927	+	938	655
0	928	+	939	723
0	929	+	940	66
0	930	+	941	246
0	931	+	942	966
0	932	+	943	264
0	933	+	944	738
0	934	+	945	866
0	935	+	946	862
0	936	+	947	755
0	937	+	948	40
0	938	+	949	855
0	939	+	950	458
0	940	+	951	263
0	941	+	952	672
0	942	+	953	965
0	943	+	954	374
0	944	+	955	916
0	945	+	956	598
0	946	+	957	624
0	947	+	958	946
0	948	+	959	603
0	949	+	960	971
0	950	+	961	143
0	951	+	962	350
0	952	+	963	997
0	953	+	964	314
0	954	+	965	857
0	955	+	966	684
0	956	+	967	398
0	957	+	968	890
0	958	+	969	636
0	959	+	970	838
0	960	+	971	732
0	961	+	972	941
0	962	+	973	288
0	963	+	974	38
0	964	+	975	878
0	965	+	976	588
0	966	+	977	748
0	967	+	978	296
0	968	+	979	838
0	969	+	980	706
0	970	+	981	462
0	971	+	982	846
0	972	+	983	794
0	973	+	984	685
0	974	+	985	153
0	975	+	986	836
0	976	+	987	874
0	977	+	988	269
0	978	+	989	796
0	979	+	990	604
0	980	+	991	874
0	981	+	992	881
0	982	+	993	873
0	983	+	994	211
0	984	+	995	697
0	985	+	996	819
0	986	+	997	811
0	987	+	998	47
0	988	+	999	738
1	989	+	486	323
1	990	+	487	171
1	990	-	488	490
1	991	+	488	118
1	992	+	489	486
1	993	+	490	500
1	993	-	491	266
1	994	+	491	59
1	994	-	492	192
1	995	+	492	347
1	996	+	493	496
1	997	+	494	490
1	998	+	495	345
1	998	-	496	384
1	999	+	496	487
1	999	-	497	498
1	1000	+	497	27
1	1000	-	499	290
1	1001	+	499	62
1	1002	+	500	487
1	1002	-	501	324
1	1003	+	501	487
1	1003	-	56	301
1	1004	+	56	121
1	1004	-	57	400
1	1005	+	57	268
1	1006	+	58	59
1	1007	+	59	340
1	1008	+	60	58
1	1009	+	61	280
1	1009	-	62	475
1	1010	+	62	58
2	1011	+	500	497
2	1011	-	486	323
2	1011	-	486	489
2	1012	+	486	497
2	1012	-	487	501
2	1013	+	487	495
2	1013	-	488	118
2	1014	+	488	48
2	1015	+	489	346
2	1016	+	490	59
2	1017	+	491	238
2	1017	-	492	347
2	1018	+	492	494
2	1019	+	493	499
2	1020	+	494	180
2	1020	-	495	345
2	1021	+	495	491
2	1022	+	496	180
2	1022	-	497	27
2	1023	+	497	73
2	1024	+	498	127
2	1024	-	499	62
2	1025	+	499	498
2	1026	+	500	498
2	1027	+	501	292
2	1028	+	56	272
2	1028	-	57	268
2	1029	+	57	355
2	1030	+	58	356
2	1030	-	59	504
2	1030	-	59	340
2	1030	-	60	41
2	1031	+	60	57
2	1031	-	61	351
2	1031	-	61	802
2	1032	+	61	440
2	1033	+	62	488
3	1034	+	492	501
3	1035	+	486	319
3	1036	+	487	404
3	1037	+	489	354
3	1038	+	490	493
3	1038	-	491	238
3	1039	+	491	249
3	1040	+	492	199
3	1041	+	493	489
3	1041	-	494	180
3	1042	+	494	315
3	1043	+	495	377
3	1043	-	496	498
3	1043	-	496	180
3	1044	+	496	57
3	1044	-	497	73
3	1045	+	497	57
3	1045	-	498	127
3	1045	-	498	500
3	1046	+	498	56
3	1047	+	499	239
3	1047	-	500	166
3	1048	+	500	47
3	1048	-	501	292
3	1048	-	57	355
3	1049	+	57	218
3	1049	-	58	158
3	1049	-	58	356
3	1050	+	58	56
3	1051	+	59	821
3	1052	+	60	495
3	1052	-	61	440
3	1053	+	61	56
3	1054	+	62	495
4	1055	-	56	121
4	1056	-	56	272
4	1057	-	57	218
4	1058	-	59	821
4	1059	-	61	280
4	1060	-	486	319
4	1061	-	487	171
4	1062	-	487	404
4	1063	-	488	48
4	1064	-	489	346
4	1065	-	489	354
4	1066	-	491	249
4	1067	-	492	199
4	1068	-	494	315
4	1069	-	495	377
4	1070	-	499	239
4	1071	-	500	47
4	1071	-	486	497
4	1072	+	486	203
4	1072	-	487	496
4	1072	-	488	495
4	1072	-	489	493
4	1073	+	489	60
4	1073	-	490	500
4	1074	+	491	488
4	1075	+	492	310
4	1076	+	493	487
4	1077	+	494	175
4	1078	+	495	488
4	1079	+	496	89
4	1080	+	497	276
4	1081	+	498	62
4	1082	+	499	112
4	1083	+	500	488
4	1084	+	501	369
4	1084	-	57	59
4	1085	+	57	488
4	1086	+	58	500
4	1087	+	59	112
4	1088	+	60	501
4	1089	+	61	59
4	1090	+	62	489
5	1091	-	59	112
5	1092	-	486	203
5	1093	-	492	310
5	1094	-	494	175
5	1095	-	496	89
5	1096	-	497	276
5	1097	-	499	112
5	1098	-	501	369
5	1099	+	486	424
5	1100	+	488	181
5	1101	+	489	77
5	1102	+	490	263
5	1102	-	491	59
5	1103	+	491	62
5	1104	+	492	152
5	1104	-	493	499
5	1105	+	494	42
5	1105	-	495	60
5	1106	+	495	494
5	1107	+	496	62
5	1108	+	497	495
5	1109	+	498	59
5	1110	+	499	487
5	1110	-	500	58
5	1111	+	500	196
5	1112	+	501	394
5	1113	+	56	487
5	1113	-	57	60
5	1114	+	58	364
5	1115	+	59	492
5	1116	+	60	303
5	1117	+	61	489
6	1118	-	58	364
6	1119	-	60	303
6	1120	-	486	424
6	1121	-	488	181
6	1122	-	489	77
6	1123	-	490	263
6	1124	-	492	152
6	1125	-	494	42
6	1126	-	500	196
6	1127	-	501	394
6	1128	+	486	490
6	1128	-	487	491
6	1129	+	487	497
6	1130	+	488	115
6	1130	-	489	61
6	1131	+	489	488
6	1132	+	490	488
6	1133	+	491	486
6	1134	+	492	490
6	1135	+	493	61
6	1136	+	494	300
6	1137	+	495	486
6	1138	+	496	120
6	1138	-	497	57
6	1139	+	497	491
6	1140	+	498	496
6	1141	+	499	490
6	1142	+	500	358
6	1143	+	501	423
6	1143	-	56	62
6	1144	+	57	56
6	1144	-	58	62
6	1145	+	58	487
6	1146	+	59	15
6	1147	+	60	217
6	1148	+	61	58
6	1149	+	62	57
7	1150	+	84	89
7	1151	+	88	240
8	1152	+	89	86
8	1152	-	84	89
8	1152	-	88	240
8	1153	+	88	425
9	1154	+	86	84
9	1155	+	84	926
10	1156	+	84	87
10	1156	-	84	926
10	1156	-	88	425
10	1157	+	88	192
11	1158	-	89	92
11	1159	-	89	260
11	1160	-	89	747
11	1161	-	84	90
11	1162	-	86	90
11	1163	-	86	584
11	1164	-	86	684
11	1165	-	86	824
11	1166	-	87	83
11	1167	-	87	85
11	1168	-	87	120
11	1169	-	87	88
11	1170	+	88	90
11	1170	-	88	192
11	1171	+	88	408
11	1172	+	84	580
11	1173	+	86	183
11	1174	+	87	390
12	1175	+	88	85
12	1176	+	84	224
12	1176	-	86	183
12	1177	+	86	316
12	1178	+	87	89
13	1179	-	88	408
13	1180	-	90	470
13	1181	-	85	47
13	1182	-	84	580
13	1183	-	84	224
13	1184	-	86	316
13	1185	-	87	390
13	1185	-	88	90
13	1186	+	88	90
13	1187	+	85	90
13	1188	+	87	225
13	1189	+	89	429
14	1190	-	89	429
14	1191	-	87	225
14	1192	+	84	668
14	1192	-	87	89
14	1193	+	89	21
15	1194	-	89	21
15	1195	-	84	668
15	1195	-	86	89
15	1196	+	86	338
15	1197	+	87	89
15	1198	+	89	84
16	1199	-	86	338
16	1199	-	84	86
16	1200	+	86	145
16	1201	+	87	304
16	1202	+	89	86
17	1203	-	86	145
17	1204	-	87	304
17	1205	+	86	84
17	1206	+	87	246
18	1207	-	87	246
18	1207	-	84	86
18	1208	+	86	87
19	1209	+	273	474
19	1210	+	274	278
19	1211	+	275	486
19	1212	+	276	483
19	1213	+	278	481
19	1214	+	279	224
19	1215	+	470	471
19	1216	+	473	276
19	1217	+	474	276
19	1218	+	475	470
19	1219	+	476	484
19	1220	+	477	476
19	1221	+	478	233
19	1222	+	480	476
19	1223	+	481	338
19	1224	+	482	478
19	1225	+	483	100
19	1226	+	484	275
19	1227	+	485	275
20	1228	+	479	279
20	1229	+	273	277
20	1229	-	274	278
20	1230	+	274	472
20	1230	-	275	486
20	1231	+	275	471
20	1231	-	276	483
20	1232	+	276	475
20	1233	+	278	327
20	1233	-	279	224
20	1234	+	279	93
20	1235	+	470	30
20	1236	+	471	276
20	1237	+	472	183
20	1238	+	473	481
20	1239	+	474	307
20	1240	+	475	474
20	1241	+	476	33
20	1242	+	477	472
20	1242	-	478	233
20	1243	+	478	334
20	1244	+	479	313
20	1245	+	480	67
20	1245	-	481	338
20	1246	+	481	277
20	1247	+	482	278
20	1248	+	483	333
20	1249	+	484	273
20	1250	+	485	239
21	1251	-	273	18
21	1252	-	273	929
21	1253	-	275	851
21	1254	-	276	42
21	1255	-	276	303
21	1256	-	278	135
21	1257	-	278	327
21	1258	-	279	98
21	1259	-	279	93
21	1260	-	470	30
21	1261	-	472	183
21	1262	-	473	136
21	1263	-	474	307
21	1264	-	475	45
21	1265	-	476	316
21	1266	-	476	33
21	1267	-	477	116
21	1268	-	477	146
21	1269	-	478	568
21	1270	-	478	334
21	1271	-	479	468
21	1272	-	479	313
21	1273	-	480	418
21	1274	-	480	67
21	1275	-	483	63
21	1276	-	483	100
21	1277	-	483	333
21	1278	-	484	328
21	1279	-	485	316
21	1280	-	485	239
21	1280	-	273	474
21	1281	+	273	479
21	1282	+	274	478
21	1282	-	275	484
21	1282	-	275	471
21	1283	+	276	274
21	1284	+	277	285
21	1285	+	278	485
21	1286	+	279	478
21	1287	+	470	476
21	1288	+	471	473
21	1289	+	473	470
21	1290	+	474	266
21	1291	+	475	478
21	1291	-	476	484
21	1292	+	476	277
21	1293	+	477	475
21	1294	+	478	92
21	1295	+	479	470
21	1296	+	480	478
21	1297	+	481	480
21	1298	+	482	189
21	1299	+	483	409
21	1300	+	484	359
21	1301	+	485	24
22	1302	+	336	205
22	1303	+	338	144
22	1304	+	339	140
22	1305	+	340	297
22	1306	+	341	343
22	1307	+	342	447
22	1308	+	140	142
22	1309	+	141	177
22	1310	+	142	336
22	1311	+	144	142
22	1312	+	145	343
22	1313	+	146	165
23	1314	+	336	342
23	1315	+	336	343
23	1316	+	337	338
23	1317	+	338	481
23	1318	+	339	143
23	1318	-	340	297
23	1319	+	340	140
23	1319	-	341	343
23	1320	+	341	166
23	1321	+	342	340
23	1321	-	141	177
23	1322	+	141	338
23	1323	+	142	152
23	1324	+	143	80
23	1325	+	144	339
23	1326	+	145	281
23	1326	-	146	165
23	1327	+	146	390
24	1328	-	140	383
24	1329	-	142	812
24	1330	-	142	152
24	1331	-	143	677
24	1332	-	143	961
24	1333	-	143	80
24	1334	-	336	79
24	1335	-	336	205
24	1336	-	337	361
24	1337	-	338	265
24	1338	-	338	606
24	1339	-	338	481
24	1340	-	340	269
24	1341	-	341	166
24	1342	-	342	296
24	1343	-	342	447
24	1344	-	343	326
24	1345	-	145	579
24	1346	-	145	281
24	1347	-	146	78
24	1348	-	146	412
24	1349	-	146	390
24	1350	+	336	145
24	1351	+	337	342
24	1352	+	338	336
24	1352	-	339	143
24	1352	-	340	342
24	1353	+	340	367
24	1354	+	341	340
24	1355	+	342	459
24	1356	+	343	146
24	1357	+	140	288
24	1358	+	141	145
24	1359	+	142	338
24	1360	+	143	341
24	1361	+	144	336
25	1362	+	436	92
25	1363	+	437	99
25	1364	+	438	444
25	1365	+	439	445
25	1366	+	440	443
25	1367	+	441	467
25	1368	+	442	81
25	1369	+	443	99
25	1370	+	444	104
25	1371	+	445	65
25	1372	+	98	37
25	1373	+	99	533
25	1374	+	100	101
25	1375	+	101	442
25	1376	+	102	101
25	1377	+	103	98
25	1378	+	104	436
26	1379	+	442	441
26	1380	+	436	179
26	1380	-	437	99
26	1381	+	437	440
26	1382	+	438	460
26	1383	+	439	219
26	1384	+	440	268
26	1384	-	441	467
26	1385	+	441	100
26	1385	-	442	81
26	1385	-	442	101
26	1386	+	442	102
26	1387	+	443	437
26	1387	-	445	65
26	1388	+	445	365
26	1389	+	98	353
26	1390	+	99	444
26	1391	+	100	98
26	1392	+	101	444
26	1393	+	102	273
26	1394	+	104	440
27	1395	-	98	287
27	1396	-	98	170
27	1397	-	98	327
27	1398	-	98	37
27	1399	-	98	353
27	1400	-	99	8
27	1401	-	99	644
27	1402	-	99	533
27	1403	-	101	207
27	1404	-	102	313
27	1405	-	102	273
27	1406	-	103	130
27	1407	-	103	834
27	1408	-	104	149
27	1409	-	436	92
27	1410	-	436	179
27	1411	-	438	220
27	1412	-	438	460
27	1413	-	439	10
27	1414	-	439	219
27	1415	-	440	117
27	1416	-	440	268
27	1417	-	441	608
27	1418	-	442	97
27	1419	-	443	148
27	1420	-	443	605
27	1421	-	443	685
27	1422	-	444	23
27	1423	-	444	79
27	1424	-	444	299
27	1425	-	444	18
27	1426	-	445	386
27	1427	-	445	912
27	1428	-	445	365
27	1429	+	436	441
27	1430	+	437	50
27	1430	-	438	444
27	1431	+	438	445
27	1432	+	439	99
27	1432	-	440	443
27	1433	+	440	248
27	1434	+	442	362
27	1435	+	443	444
27	1436	+	444	98
27	1437	+	445	444
27	1438	+	98	440
27	1439	+	99	78
27	1440	+	100	377
27	1440	-	101	102
27	1441	+	101	443
27	1442	+	102	443
27	1443	+	103	438
27	1444	+	104	323
28	1445	-	99	78
28	1446	-	100	377
28	1447	-	104	323
28	1448	-	437	50
28	1449	-	440	248
28	1450	-	442	362
28	1450	-	436	104
28	1451	+	436	61
28	1451	-	437	440
28	1452	+	437	104
28	1453	+	438	324
28	1454	+	440	351
28	1455	+	441	437
28	1456	+	442	103
28	1457	+	443	133
28	1457	-	444	445
28	1458	+	444	437
28	1459	+	445	99
28	1460	+	98	445
28	1461	+	99	435
28	1461	-	100	101
28	1462	+	100	349
28	1463	+	101	445
28	1464	+	102	436
28	1465	+	103	101
28	1466	+	104	101
29	1467	+	483	32
29	1468	+	476	274
29	1469	+	474	306
29	1470	+	484	477
29	1471	+	275	185
29	1472	+	471	28
29	1473	+	274	484
29	1474	+	475	390
29	1475	+	479	128
29	1476	+	478	278
29	1477	+	477	76
29	1478	+	470	305
29	1479	+	472	484
29	1480	+	278	257
29	1481	+	485	270
29	1482	+	482	279
29	1483	+	279	352
29	1484	+	480	279
29	1485	+	276	368
30	1486	+	273	483
30	1486	-	483	32
30	1487	+	483	329
30	1488	+	277	477
30	1489	+	476	278
30	1490	+	474	478
30	1491	+	484	331
30	1491	-	275	185
30	1492	+	275	476
30	1492	-	471	28
30	1493	+	471	277
30	1494	+	274	471
30	1494	-	475	390
30	1495	+	475	274
30	1496	+	478	476
30	1497	+	477	655
30	1497	-	470	305
30	1498	+	470	275
30	1499	+	472	177
30	1500	+	278	274
30	1501	+	485	474
30	1501	-	279	352
30	1502	+	279	309
30	1503	+	480	475
30	1504	+	276	479
31	1505	+	273	481
31	1505	-	483	329
31	1506	+	277	274
31	1506	-	474	485
31	1507	+	474	40
31	1508	+	484	276
31	1509	+	275	523
31	1510	+	471	278
31	1510	-	274	278
31	1511	+	274	279
31	1512	+	475	277
31	1513	+	477	429
31	1514	+	470	83
31	1515	+	472	479
31	1515	-	278	257
31	1516	+	278	391
31	1516	-	485	270
31	1517	+	485	479
31	1518	+	482	475
31	1518	-	279	309
31	1519	+	279	477
31	1520	+	480	95
31	1520	-	276	368
31	1521	+	276	266
32	1522	-	273	278
32	1523	-	273	275
32	1524	-	273	277
32	1525	-	273	484
32	1526	-	273	479
32	1527	-	483	475
32	1528	-	483	409
32	1529	-	473	276
32	1530	-	473	471
32	1531	-	473	470
32	1532	-	481	472
32	1533	-	481	278
32	1534	-	481	277
32	1535	-	481	480
32	1536	-	275	523
32	1537	-	276	266
32	1538	-	277	285
32	1539	-	278	391
32	1540	-	470	83
32	1541	-	472	177
32	1542	-	474	266
32	1543	-	474	306
32	1544	-	474	40
32	1545	-	477	76
32	1546	-	477	655
32	1547	-	477	429
32	1548	-	478	92
32	1549	-	479	128
32	1550	-	480	95
32	1551	-	482	189
32	1552	-	484	359
32	1553	-	484	331
32	1554	-	485	24
32	1555	+	277	479
32	1555	-	476	278
32	1555	-	476	275
32	1556	+	476	368
32	1557	+	474	277
32	1558	+	484	470
32	1559	+	275	94
32	1560	+	471	475
32	1561	+	479	478
32	1562	+	477	470
32	1563	+	470	306
32	1564	+	472	224
32	1565	+	485	276
32	1565	-	482	279
32	1566	+	279	133
32	1567	+	480	277
32	1568	+	276	469
32	1569	+	473	429
32	1570	+	483	168
33	1571	-	483	168
33	1572	-	473	429
33	1572	-	476	478
33	1573	+	474	18
33	1574	+	484	279
33	1575	+	275	278
33	1575	-	274	279
33	1576	+	274	405
33	1577	+	479	273
33	1578	+	478	275
33	1578	-	470	306
33	1578	-	472	224
33	1579	+	472	482
33	1580	+	278	472
33	1580	-	485	276
33	1580	-	279	133
33	1581	+	279	388
33	1582	+	276	465
33	1583	+	273	339
33	1584	+	473	483
33	1585	+	481	262
34	1586	-	273	479
34	1587	-	273	339
34	1588	-	481	262
34	1588	-	277	474
34	1589	+	277	151
34	1590	+	476	439
34	1591	+	474	480
34	1591	-	484	477
34	1591	-	484	470
34	1592	+	484	471
34	1592	-	275	470
34	1593	+	275	470
34	1593	-	471	278
34	1594	+	471	477
34	1594	-	479	478
34	1595	+	478	479
34	1596	+	477	474
34	1597	+	470	820
34	1598	+	278	30
34	1599	+	485	474
34	1599	-	279	388
34	1600	+	279	470
34	1601	+	480	470
34	1602	+	276	477
34	1603	+	273	473
34	1604	+	481	483
35	1605	+	42	131
35	1606	+	43	406
35	1607	+	44	450
35	1608	+	45	128
35	1609	+	46	126
35	1610	+	47	217
35	1611	+	48	193
35	1612	+	127	42
35	1613	+	128	46
35	1614	+	129	43
35	1615	+	131	366
35	1616	+	132	131
36	1617	+	131	47
36	1617	-	42	131
36	1618	+	42	467
36	1619	+	43	265
36	1620	+	44	128
36	1621	+	45	250
36	1622	+	46	265
36	1622	-	47	217
36	1623	+	47	152
36	1624	+	48	43
36	1625	+	126	349
36	1626	+	127	100
36	1627	+	130	44
36	1628	+	132	45
37	1629	+	131	127
37	1629	-	42	127
37	1629	-	42	467
37	1630	+	42	43
37	1630	-	43	129
37	1630	-	43	265
37	1631	+	43	132
37	1631	-	44	130
37	1632	+	44	45
37	1633	+	45	43
37	1634	+	46	164
37	1634	-	47	152
37	1635	+	47	159
37	1635	-	48	193
37	1636	+	48	184
37	1636	-	127	100
37	1637	+	127	42
37	1638	+	129	381
37	1639	+	130	128
37	1640	+	131	126
37	1641	+	132	130
38	1642	-	129	381
38	1643	-	130	25
38	1644	-	130	866
38	1645	-	131	393
38	1646	-	131	720
38	1647	-	131	366
38	1648	-	42	31
38	1649	-	43	33
38	1650	-	43	370
38	1651	-	43	779
38	1652	-	43	825
38	1653	-	43	406
38	1654	-	44	216
38	1655	-	44	450
38	1656	-	45	250
38	1657	-	46	535
38	1658	-	46	265
38	1659	-	46	164
38	1660	-	47	998
38	1661	-	47	159
38	1662	-	48	306
38	1663	-	48	184
38	1664	-	126	67
38	1665	-	126	567
38	1666	-	126	609
38	1667	-	126	349
38	1668	-	127	213
38	1669	+	42	245
38	1670	+	43	427
38	1671	+	44	32
38	1672	+	45	12
38	1673	+	46	127
38	1674	+	47	128
38	1675	+	48	132
38	1676	+	126	43
38	1677	+	127	44
38	1678	+	128	42
38	1679	+	130	47
38	1680	+	131	46
39	1681	+	43	315
39	1682	+	44	176
39	1683	+	45	129
39	1684	+	47	494
39	1685	+	48	131
39	1686	+	126	25
39	1687	+	128	131
39	1688	+	131	135
39	1689	+	132	401
40	1690	+	42	46
40	1691	+	44	132
40	1692	+	45	42
40	1693	+	46	47
40	1694	+	47	48
40	1695	+	48	128
40	1696	+	127	132
40	1697	+	128	126
40	1698	+	129	182
40	1699	+	130	260
40	1699	-	131	46
40	1699	-	132	401
41	1700	-	129	182
41	1701	-	130	260
41	1702	-	131	135
41	1703	-	42	245
41	1704	-	43	427
41	1705	-	43	315
41	1706	-	44	32
41	1707	-	44	176
41	1708	-	45	12
41	1709	-	47	494
41	1710	-	126	25
41	1711	+	42	10
41	1712	+	43	46
41	1713	+	44	303
41	1714	+	45	108
41	1715	+	46	361
41	1716	+	47	7
41	1717	+	126	129
41	1718	+	127	209
41	1719	+	129	44
41	1720	+	130	154
41	1721	+	131	100
42	1722	+	43	130
42	1723	+	44	42
42	1724	+	45	37
42	1725	+	46	116
42	1726	+	47	45
42	1727	+	48	109
42	1728	+	126	48
42	1729	+	127	43
42	1730	+	129	74
42	1731	+	130	46
42	1732	+	131	243
42	1733	+	132	47
43	1734	-	129	74
43	1735	-	130	154
43	1736	-	131	100
43	1737	-	131	243
43	1738	-	42	10
43	1739	-	44	303
43	1740	-	45	108
43	1741	-	45	37
43	1742	-	46	361
43	1743	-	46	116
43	1744	-	47	7
43	1745	-	48	109
43	1746	-	127	209
43	1747	+	42	48
43	1748	+	44	21
43	1749	+	45	417
43	1750	+	47	491
43	1751	+	129	19
43	1752	+	130	287
43	1753	+	132	672
44	1754	+	42	47
44	1755	+	44	48
44	1756	+	46	45
44	1757	+	47	124
44	1758	+	48	441
44	1759	+	127	161
44	1759	-	129	19
44	1760	+	129	48
44	1760	-	130	287
44	1761	+	130	158
44	1762	+	131	363
44	1762	-	132	672
44	1763	+	132	140
45	1764	+	446	131
45	1765	+	447	81
45	1766	+	448	127
45	1767	+	449	456
45	1768	+	450	411
45	1769	+	451	453
45	1770	+	452	127
45	1771	+	453	42
45	1772	+	454	129
45	1773	+	455	292
45	1774	+	456	70
45	1775	+	457	404
45	1776	+	43	499
45	1776	-	44	48
45	1777	+	44	446
45	1778	+	45	157
45	1779	+	46	129
45	1780	+	48	447
45	1781	+	126	453
45	1781	-	127	161
45	1782	+	127	314
45	1783	+	129	457
45	1784	+	130	38
45	1785	+	131	447
45	1785	-	132	140
45	1786	+	132	258
46	1787	+	126	450
46	1787	-	446	44
46	1788	+	446	293
46	1788	-	447	81
46	1789	+	447	455
46	1790	+	448	214
46	1791	+	449	447
46	1792	+	450	194
46	1793	+	451	455
46	1794	+	452	453
46	1794	-	453	42
46	1795	+	453	42
46	1796	+	454	127
46	1797	+	455	448
46	1798	+	456	473
46	1799	+	457	44
46	1800	+	42	456
46	1801	+	43	446
46	1802	+	44	452
46	1802	-	48	441
46	1803	+	48	512
46	1803	-	127	314
46	1804	+	127	451
46	1804	-	130	38
46	1805	+	130	451
47	1806	-	130	158
47	1807	-	131	363
47	1808	-	132	258
47	1809	-	43	499
47	1810	-	44	21
47	1811	-	45	417
47	1812	-	45	157
47	1813	-	47	491
47	1814	-	47	124
47	1815	-	48	512
47	1816	-	446	506
47	1817	-	446	293
47	1818	-	447	281
47	1819	-	447	635
47	1820	-	448	51
47	1821	-	448	214
47	1822	-	450	203
47	1823	-	450	411
47	1824	-	450	194
47	1825	-	452	175
47	1826	-	452	282
47	1827	-	452	502
47	1828	-	453	71
47	1829	-	453	26
47	1830	-	455	292
47	1831	-	456	180
47	1832	-	456	210
47	1833	-	456	70
47	1834	-	456	473
47	1835	-	457	16
47	1836	-	457	404
47	1837	+	446	334
47	1838	+	447	44
47	1839	+	448	129
47	1840	+	449	263
47	1841	+	450	449
47	1842	+	452	447
47	1843	+	453	376
47	1844	+	454	489
47	1845	+	456	48
47	1846	+	457	45
47	1847	+	43	249
47	1848	+	45	130
47	1849	+	47	730
47	1850	+	130	456
47	1851	+	132	211
48	1852	+	446	449
48	1853	+	448	379
48	1854	+	450	454
48	1855	+	451	87
48	1856	+	453	47
48	1857	+	454	396
48	1858	+	455	266
48	1859	+	456	447
48	1860	+	457	13
48	1861	+	130	450
48	1862	+	131	451
49	1863	+	446	366
49	1864	+	447	446
49	1865	+	448	451
49	1866	+	452	457
49	1867	+	453	323
49	1868	+	455	446
49	1869	+	456	171
49	1870	+	457	53
50	1871	+	446	497
50	1872	+	447	450
50	1873	+	448	266
50	1874	+	450	150
50	1875	+	451	405
50	1876	+	452	471
50	1877	+	453	199
50	1878	+	454	313
50	1879	+	455	457
50	1880	+	456	18
51	1881	+	448	224
51	1882	+	450	92
51	1883	+	451	411
51	1884	+	452	312
51	1885	+	453	363
51	1886	+	454	453
51	1887	+	455	456
51	1888	+	456	112
51	1889	+	457	81
52	1890	+	448	449
52	1891	+	449	455
52	1892	+	450	311
52	1892	-	452	312
52	1893	+	452	450
52	1893	-	453	363
52	1894	+	453	412
52	1895	+	454	565
52	1896	+	455	313
52	1896	-	457	81
52	1897	+	457	447
53	1898	+	448	457
53	1899	+	449	347
53	1900	+	450	533
53	1900	-	451	411
53	1901	+	451	418
53	1901	-	452	471
53	1902	+	452	448
53	1902	-	453	412
53	1903	+	453	449
53	1903	-	454	565
53	1904	+	454	421
53	1904	-	455	313
54	1905	-	132	211
54	1906	-	43	249
54	1907	-	47	730
54	1908	-	446	334
54	1909	-	446	366
54	1910	-	446	497
54	1911	-	448	379
54	1912	-	448	266
54	1913	-	448	224
54	1914	-	449	263
54	1915	-	449	347
54	1916	-	450	150
54	1917	-	450	92
54	1918	-	450	311
54	1919	-	450	533
54	1920	-	451	87
54	1921	-	451	405
54	1922	-	451	418
54	1923	-	453	376
54	1924	-	453	323
54	1925	-	453	199
54	1926	-	454	489
54	1927	-	454	396
54	1928	-	454	313
54	1929	-	454	421
54	1930	-	455	266
54	1931	-	456	171
54	1932	-	456	18
54	1933	-	456	112
54	1934	-	457	13
54	1935	-	457	53
54	1936	+	446	450
54	1937	+	448	446
54	1938	+	449	47
54	1939	+	450	200
54	1940	+	451	456
54	1941	+	453	450
54	1942	+	454	256
54	1943	+	43	407
54	1944	+	132	454
55	1945	+	446	460
55	1946	+	448	456
55	1947	+	449	36
55	1948	+	450	451
55	1949	+	454	322
55	1950	+	455	454
55	1951	+	457	456
56	1952	+	448	453
56	1953	+	451	260
56	1954	+	453	457
57	1955	+	455	182
